,,PA,,204,45543.390682, 653.281357033, 152158.87171285998
,,WI,,193,39945.6525258, 948.025841021, 123999.49383415499
,,CT,,204,43296.0424526, 948.709248427, 131453.560709553
,,VA,,155,47837.9506491, 765.065011013, 120452.670836243
,,NC,,203,46070.3011122, 558.947943223, 137540.91458386
,,VT,,189,46763.7709532, 443.906607199, 124846.101201178
,,OR,,166,42602.503817, 352.997439926, 129277.936842731
,,AR,,182,46945.7055749, 114.199645858, 137558.40197122202
,,OH,,188,47145.1214663, 525.471625968, 130860.54354908
,,TX,,190,44314.6408704, 1448.46246583, 122115.2437254716
,,CO,,186,45308.0895035, 877.435181505, 123253.05532872
,,IL,,215,45222.6201455, 351.841854456, 116109.15385815999
,,WY,,182,50596.3951873, 1136.52659697, 164111.44807315696
,,CA,,166,47540.9239667, 320.305302558, 134568.88987875
,,MO,,189,44892.3771937, 21.2248285351, 130852.07134340999
,,AZ,,180,45433.5185572, 1665.1895587049999, 123783.618835175
,,NE,,184,47589.6627575, 1549.09743798, 114889.10555216501
,,GA,,207,46507.9982511, 289.358688899, 115441.44280753999
,,NV,,191,46785.0385741, 1329.9603176, 118010.04833006
,,HI,,175,42307.200945, 961.613755474, 124790.250541287
,,FL,,169,48304.6605277, 377.578107346, 121725.7651461824
,,SD,,198,44318.5848038, 847.447218552, 121284.565314169
,,ME,,187,42058.2145018, 672.087191071, 131866.17288654
,,RI,,188,43517.6795224, 2248.15267464, 138928.27870623098
,,KS,,212,44994.6173295, 240.103988752, 117507.23565316899
,,DC,,194,43608.8694178, 149.789175982, 107954.92606530401
,,SC,,211,43766.7131393, 352.345903263, 134748.35086940398
,,UT,,155,45270.7276604, 1027.6557146, 133288.72966854996
,,MD,,190,45949.6112897, 1063.62846294, 127603.38554276002
,,MI,,177,47600.178887, 1168.26549434, 139626.61847632704
,,KY,,194,46545.7077927, 1723.75214337, 131239.637798271
,,NH,,177,46243.460842, 1450.8226674, 121702.86642518001
,,WV,,175,46802.7992189, 872.291932145, 137659.94521986105
,,ND,,187,45396.9566219, 139.691431703, 129645.62228079901
,,AL,,190,47149.3727251, 1354.53549375, 122228.55991853
,,LA,,196,45395.1413219, 919.136383265, 138441.006844851
,,IA,,171,42102.0737558, 669.718962201, 146436.89080168432
,,OK,,198,46512.3462364, 134.061006667, 139275.60751259
,,NM,,193,44059.3920054, 306.777617309, 111248.637960681
,,MT,,198,48003.5306528, 1504.72058932, 129816.8740292
,,AK,,199,44818.7268284, 667.906166688, 125348.545285071
,,ID,,195,46782.8024355, 902.918959313, 111972.32360381202
,,WA,,198,43127.2889452, 77.1538066045, 136320.64466828003
,,MS,,208,45649.9982067, 783.5117798013999, 126917.27498499
,,NJ,,194,44926.7851317, 1079.03898413, 126250.27946566799
,,MA,,164,46321.2833107, 261.339094823, 128648.22201848999
,,TN,,171,45826.9726816, 220.384282058, 128153.426571589
,,NY,,192,44686.6964514, 1919.84915023, 129829.566286841
,,DE,,195,50077.254255, 2578.07763909, 126690.39311706001
,,MN,,184,47051.3612395, 2666.94918601, 140599.15098843502
,,IN,,204,46590.6965113, 974.676664689, 139374.595004433
