17-2041,,,,22,42409.7555471, 5132.58842556, 92781.95102691001
49-9071,,,,21,38691.005357, 2470.21875077, 109288.10418515919
51-4072,,,,23,41083.5934124, 2243.35166798, 84961.49986042001
27-2022,,,,12,36360.740015, 6251.55128386, 82575.03800994
49-3093,,,,16,45257.1676024, 3342.1262329300002, 81946.44852580299
27-3042,,,,18,46005.7221844, 4819.82907632, 114542.07866199098
33-1099,,,,15,53683.0523349, 14261.5647689, 78283.77253064
51-5113,,,,10,42588.9508255, 1549.09743798, 78428.94563754
29-1031,,,,15,43959.1995985, 11232.00742533, 86305.91932553
39-3093,,,,14,58688.6212443, 2402.91677894, 90440.54639661999
43-6013,,,,9,41395.5765698, 7168.53850199, 96869.87049443001
17-1011,,,,16,49245.8460607, 3916.46247866, 117202.568365966
51-4121,,,,23,46778.0097193, 1307.97906943, 107487.09812751002
51-9198,,,,23,45700.4177421, 3313.8885743299998, 113549.847594643
11-9199,,,,8,51877.8764268, 8213.7395073747, 97489.73805400201
51-4193,,,,21,46255.5775954, 811.05223041, 105248.26959947
21-2011,,,,22,44798.4192208, 3949.97768736, 117507.23565316899
53-2012,,,,21,48571.2477371, 1110.24661482, 90859.26534985701
11-3111,,,,10,36068.4196691, 3815.2957470399997, 78784.542729667
51-6062,,,,18,43040.5810734, 3494.45306661, 119886.05085023299
13-2071,,,,13,38969.1399195, 3167.89634376, 109211.16296100098
31-2012,,,,15,61928.2328913, 15948.109177950002, 107196.53592313
13-1161,,,,20,48877.0889764, 12495.872417730001, 105388.01670035
25-2052,,,,15,27979.6601143, 352.997439926, 69251.67690697999
11-3031,,,,22,41266.3843408, 5887.00952294, 91534.6288124909
51-4191,,,,16,38995.156726, 1377.99773066, 104080.79802539
29-1123,,,,25,40867.8221914, 4643.49426944, 83515.80412072601
13-2051,,,,21,46846.7570286, 4589.780167675, 127396.84063885412
51-4033,,,,18,46653.6013308, 2399.12903524, 122562.243086903
11-9032,,,,20,45793.4912636, 6183.82960155, 101515.36023719404
17-2171,,,,26,46486.161403, 1027.6557146, 114451.98080773
53-2021,,,,16,53603.5209327, 10025.56474787, 95660.21495153
49-9021,,,,20,43634.0471939, 1488.04668667, 100019.69914130896
53-6031,,,,18,52857.8026071, 765.065011013, 104059.79966205498
31-2011,,,,16,60790.4299293, 3223.20026481, 103863.115155391
51-2023,,,,22,43453.9352482, 951.475874214, 81456.90036669502
11-3011,,,,18,38632.395729, 1648.33472789, 82472.07164303
15-1111,,,,17,43735.7628139, 2721.7858533, 86227.496322339
47-3013,,,,15,47775.3115363, 9738.634294627, 80231.15818955349
39-7011,,,,20,45855.1696793, 4603.88465703, 81919.74015032798
51-8093,,,,14,52046.5094679, 5723.92949445, 107227.18952453397
43-3061,,,,14,46004.7809378, 4099.01319248, 128648.22201848999
29-1065,,,,14,45504.6297336, 3448.1985593, 92181.69783234003
49-1011,,,,10,47152.9455036, 3075.06188313, 89267.59109169898
25-2021,,,,8,46853.4544005, 7707.174616829001, 67628.26320177
43-5061,,,,18,47065.6159938, 5759.323335450001, 121655.15194362341
15-1142,,,,16,58992.735785, 2924.9070560994996, 120728.58271522302
13-1071,,,,20,50778.2733935, 2477.50665049, 93744.6159964
33-3041,,,,15,41008.7954271, 3572.96887745, 85565.033841201
43-9199,,,,20,48625.1383981, 3130.07802494, 112836.84590580412
13-1022,,,,9,41064.6198269, 2456.21073526, 70317.625701057
47-4011,,,,13,51608.3203127, 14221.174600165, 93770.66903539999
43-5052,,,,23,54350.2758381, 3830.38054965, 101960.82916458702
37-3011,,,,14,53196.8229138, 9418.0724061, 138928.27870623098
43-5032,,,,17,43792.8181693, 4896.47892111, 109324.11847116999
41-9099,,,,11,55662.6254144, 26663.999974328, 79870.660455724
25-1066,,,,11,45002.5279474, 13779.99531581, 93925.19289313411
47-2111,,,,12,46719.8641125, 5456.45867202, 106975.61810145999
35-9021,,,,15,45543.9845477, 3128.07249256, 115173.96317668201
21-1021,,,,16,61751.9714131, 17261.49227043, 129816.8740292
37-2011,,,,18,36530.6332095, 653.281357033, 86025.53433472
17-3025,,,,17,48934.3075778, 1665.1895587049999, 101948.582075629
29-2061,,,,13,38004.7819879, 10979.09639635, 84855.2327050599
51-9123,,,,24,44593.5860989, 8941.48759564, 109737.89549186
19-4093,,,,22,37501.6079155, 3505.64063644, 97466.81636823999
29-2032,,,,22,46000.4138337, 10261.4330122, 113378.38646207398
35-9011,,,,13,32782.600441, 5882.902383607, 57825.44493381001
33-9032,,,,14,42776.1551689, 13425.44875662, 103944.55864114001
15-1131,,,,20,49761.220499, 2541.70652367, 109557.331862643
33-3051,,,,16,47278.4455515, 9200.60975807, 116142.15530948
29-1131,,,,17,41693.5600154, 10837.274430149999, 103713.209452629
29-1064,,,,15,50217.6860141, 1194.57614129, 102901.77742223199
29-2051,,,,18,59343.8463007, 15218.65715892, 122228.55991853
51-6061,,,,13,41328.9269288, 139.691431703, 80347.920909512
49-9062,,,,19,49905.773897, 7951.91564834, 86053.39275120999
21-1092,,,,18,36637.8205848, 3970.66623862, 86617.250092362
29-2012,,,,18,44075.9634642, 6657.032862620001, 87148.8818864418
35-2014,,,,7,44259.4038308, 5383.8953406, 121725.7651461824
51-9191,,,,13,41408.1696312, 2861.239420367, 101628.29861700328
43-4161,,,,21,34591.9717293, 669.718962201, 83782.36217916998
17-2111,,,,17,43923.7880809, 2919.67807866, 89307.503059705
41-9012,,,,24,38658.7677762, 240.103988752, 122129.83464028002
13-2052,,,,18,39717.1401774, 670.569214679, 88410.05971735202
11-9071,,,,9,43970.5905011, 11140.052271417, 92249.74419931
49-3023,,,,17,51040.4734654, 7555.2631152799995, 131453.560709553
47-2181,,,,23,44303.448758, 1166.64005364, 91293.81011179
19-2041,,,,16,41242.2761308, 10982.19442685, 96189.33769911
51-9199,,,,22,39966.6568093, 2272.79711702, 94639.510479326
13-1121,,,,16,42952.6661039, 5667.60424606, 84120.74843039
41-3041,,,,16,40787.6199308, 5418.479658038, 81647.96942141802
53-7051,,,,13,47751.616894, 2217.85240036, 89219.39949408002
25-1022,,,,26,49101.9785659, 4166.01343668, 113619.94624846002
27-3011,,,,25,47825.0224084, 9420.83275998, 106762.47319054
11-9081,,,,24,49750.1551919, 2970.7817726250005, 97784.68239447
43-3021,,,,20,48579.0843384, 3911.0790814929996, 106548.85478581503
43-5011,,,,11,38745.8787295, 3665.707638077, 105946.13872820696
35-3021,,,,16,58295.584607, 3747.9154785309997, 123783.618835175
51-4122,,,,18,41364.2481814, 3435.59660769, 88966.28333824701
17-3011,,,,15,50306.932235, 5388.72541235, 111008.97971706
43-5041,,,,14,39640.9141671, 21.2248285351, 90123.44404674902
25-1126,,,,15,37624.3520288, 5038.6422009, 108344.892299306
19-4061,,,,19,41163.9975233, 6745.5251161, 122115.2437254716
21-1015,,,,17,44539.0511921, 306.777617309, 84215.52949995201
35-3022,,,,19,43528.3171208, 5989.29014666, 116109.15385815999
15-1143,,,,13,40225.7863217, 4877.76755798, 97285.92469004198
17-2199,,,,17,42823.0790995, 3071.48184225, 85880.47015028
13-1021,,,,13,57997.3733693, 13843.53978954, 110379.203378528
43-9081,,,,14,48732.3441896, 6108.78611096, 97335.25258838001
51-8021,,,,20,40715.5676379, 948.709248427, 88276.81761665101
29-2091,,,,15,49487.1054877, 4452.54676755, 123061.13971007698
33-3012,,,,18,50658.9723483, 2572.202016466, 116057.78043665999
49-9098,,,,21,45136.739163, 3308.781402971, 114404.34177902999
19-4021,,,,25,45831.444181, 2996.4789893, 109696.597040398
13-1141,,,,19,55924.7129178, 1422.21389534, 105885.33666955701
13-2031,,,,13,47075.0440381, 9621.17359389, 78787.95470998899
11-9111,,,,22,41619.0272279, 6824.008854780001, 109198.75263769
13-2072,,,,15,41052.4870807, 4366.70828101, 92450.976286246
25-3011,,,,20,46447.9106408, 1924.3616985, 93102.014893224
25-2053,,,,25,36008.3399211, 3672.75738205, 78452.597681062
43-9021,,,,19,40504.7283728, 5139.2224833889995, 86514.97708996
39-2011,,,,21,51230.2044339, 13929.214562504, 100871.34375151
51-9021,,,,14,41443.7444426, 11146.30475513, 88171.46404387603
31-9097,,,,18,32659.7233711, 6377.656766722999, 62245.768768011
27-1014,,,,12,41862.926213, 12402.014002830001, 126332.78619399002
39-3031,,,,18,46112.6761224, 4566.747701, 111232.87415499499
51-2099,,,,26,40444.025577, 902.918959313, 111860.937353377
47-2151,,,,15,51530.3375458, 13071.687007749999, 139374.595004433
29-1063,,,,14,43918.798267, 7611.85558152, 86903.56384835999
17-3026,,,,21,53168.6545987, 443.906607199, 124334.32165283001
29-9099,,,,19,39666.8043497, 1895.30841012, 79413.75721570202
27-1021,,,,16,52484.7056506, 2875.65460006, 129829.566286841
13-1041,,,,18,39987.657979, 1094.99496817, 103631.188455944
29-2053,,,,16,47154.8617153, 4321.2506102, 84662.52879190998
15-2031,,,,13,47336.8937652, 8311.35117152, 92471.18373949101
11-9151,,,,11,46112.094709, 2898.66887527, 100212.64036601702
51-4021,,,,17,48121.4805625, 4243.88242899, 137540.91458386
31-1014,,,,31,45783.2207183, 1079.03898413, 104667.49750501
15-1132,,,,12,49954.7179909, 5415.54738032, 97891.22062902001
41-2021,,,,23,49183.2419752, 8204.146781952, 99617.10983165
15-1122,,,,16,38993.138272, 1704.82057815, 79097.48696045
23-2011,,,,14,40892.9536014, 2488.22970198, 80922.79169045239
51-2041,,,,23,45768.1869862, 6990.02865522, 114740.30106655999
39-5092,,,,14,54625.9077073, 4715.407975257, 98777.110273159
49-9044,,,,16,46701.0874478, 2399.008197484, 130654.462858572
43-6011,,,,20,55602.8374209, 729.187274279, 138441.006844851
47-5041,,,,19,53053.2836131, 2286.76766142, 116902.11396542
13-2082,,,,19,37267.5671065, 877.435181505, 93302.72307523
37-3019,,,,12,40335.3042216, 9289.08269065, 92003.59699953
51-9151,,,,11,66557.0822657, 34433.55600583999, 92855.3135451594
43-5051,,,,19,51423.898863, 2701.2590904709996, 130852.07134340999
37-1012,,,,23,57772.266754, 7025.63999442, 113896.04835601
29-9011,,,,18,46194.6573883, 3756.03403099, 92738.63599908
39-2021,,,,11,35289.9589145, 6779.07024051, 85981.702522772
51-4062,,,,13,57471.2241708, 1891.03340482, 124846.101201178
29-1128,,,,8,43442.3819863, 15979.540679888001, 126690.39311706001
23-1012,,,,18,46720.9189626, 3960.4740162, 124907.18688936
31-2021,,,,20,45571.2791623, 4647.398910448001, 94142.74191895999
17-2141,,,,19,44104.4377202, 3965.44288464, 116763.60581002002
31-9094,,,,17,58267.2512001, 2457.25477927, 106121.89530625091
17-2151,,,,18,59225.8058573, 15469.28247211, 136320.64466828003
19-3031,,,,12,37392.3122056, 2782.66357092, 101759.64601317
51-3021,,,,18,53814.7978721, 7209.766948342, 126252.51320765901
21-1091,,,,21,39614.6441936, 4541.95144459, 82937.41274907999
21-1012,,,,13,40448.9873837, 9068.75846024, 82307.951680528
49-9041,,,,14,48979.3400008, 15972.83306632, 87251.01908823001
29-1067,,,,17,56525.4538721, 9654.66508342, 112439.02120463402
29-2071,,,,12,58653.9373236, 10235.417097626, 107550.72501609399
29-2033,,,,12,36607.9209848, 7444.60795031, 100403.13326610003
51-9081,,,,15,37275.2995078, 1848.56391161, 101228.65676974
51-9121,,,,19,54740.8134184, 5092.06884484, 119807.410342702
43-5053,,,,14,48418.494985, 5014.31664817, 129277.936842731
35-3041,,,,13,47472.277205, 11183.66566702, 131625.80719917902
17-2061,,,,21,46120.8884252, 4281.645615935, 106704.275506689
25-3021,,,,10,34241.5559799, 6931.288249589999, 79865.79446780498
33-1012,,,,21,34392.721558, 3973.95113652, 73258.52173076411
35-1011,,,,18,46700.9424638, 5393.889046643, 100441.367761735
35-9031,,,,12,56364.9164312, 10108.0303027779, 106669.342389717
43-2011,,,,16,49082.8187653, 7754.14171203, 101440.388796396
47-5013,,,,19,51127.6603257, 5462.27639586, 111325.26330156003
31-9096,,,,13,49598.2086752, 2264.15507927, 103739.721101445
53-7064,,,,14,45861.6251399, 14521.701138789998, 81236.04976697998
25-1191,,,,21,36776.7877976, 3495.02903118, 84037.56220455098
29-1171,,,,19,42325.3907839, 4505.59727583, 99535.35273037199
25-1124,,,,13,43986.6396503, 5077.12911961, 89749.29354916999
27-1011,,,,13,38645.5555238, 7791.29937463, 99283.93166598998
29-2021,,,,18,47007.8701521, 5028.975571616, 116824.91832395598
31-1015,,,,13,46593.0624324, 6348.0251640999995, 128372.96977968099
25-1194,,,,22,30082.6236727, 2166.24440684, 83968.50638836801
53-5011,,,,11,40586.2771169, 7620.0761219012, 84728.97557456001
29-1122,,,,20,42924.6101195, 9245.256551120001, 82115.43268964
11-3051,,,,17,37163.3859458, 5448.38992884, 78726.24045391
43-9031,,,,14,45732.4815432, 9096.47727384, 74336.55626812398
41-9022,,,,15,28751.8907433, 2795.648671578, 80306.120500102
51-8013,,,,15,44785.7635587, 6003.21779617, 102326.25656268
51-3011,,,,15,46728.4610742, 1366.22971708, 105220.820979971
39-9031,,,,24,44257.8299572, 1063.62846294, 88821.77175985002
37-2012,,,,28,47795.6313518, 2306.15884439, 117748.13947888599
17-2071,,,,22,44224.0931521, 934.262865844, 107328.49826762202
43-4181,,,,16,38292.6334245, 1323.1546263, 92090.82384888998
51-9032,,,,16,32244.5914912, 1683.16502961, 75590.16827749
17-2131,,,,23,57401.0152389, 1984.66103412, 164111.44807315696
39-9099,,,,21,46851.5602068, 7535.65368017, 107387.67894988901
47-2211,,,,12,41585.5333164, 3806.09935289, 64293.5105834
53-6041,,,,14,30171.5481107, 3073.34165477, 71683.65440375099
25-4021,,,,14,42182.0095306, 6723.4843126, 89227.37368639429
41-2022,,,,18,45280.718152, 77.1538066045, 129645.62228079901
49-3011,,,,15,40452.8425143, 1450.8226674, 80924.377507717
27-4011,,,,19,44732.2130506, 1454.98993392, 111866.41598809
29-2056,,,,25,40514.567501, 3899.0965079, 101925.360954216
53-6021,,,,15,61180.0078764, 8448.65321515, 112758.83989341
43-4151,,,,15,32639.1630805, 261.339094823, 71059.026428396
15-1121,,,,9,33992.2668058, 15793.218634009998, 74469.47858948
43-4141,,,,23,61106.8740394, 16712.878053679997, 120452.670836243
39-5012,,,,18,36641.9719699, 4935.62266883, 106146.52124118998
21-1023,,,,11,45191.5224498, 6128.29316775, 97541.38680171999
51-4051,,,,16,33365.5879029, 3766.4338327, 81120.06360763201
43-5111,,,,21,50443.6420363, 9999.61629755, 91429.50979597
51-2091,,,,20,59019.4428375, 8485.199689016, 109931.13006286904
49-9031,,,,14,38814.3115999, 9605.000686020001, 88242.49695135
11-3121,,,,17,38450.2728774, 5860.028166384, 127521.45583576999
39-3091,,,,24,37179.8682819, 1772.65344215, 107954.92606530401
43-4171,,,,19,48319.0426621, 2626.99456735, 108051.07586422919
25-1199,,,,14,51933.8223139, 1559.27873536, 113696.97117223
33-9091,,,,14,38989.1541051, 10140.8823798, 82800.25802023603
43-9061,,,,21,44377.1384578, 6922.64941227, 96657.755915421
27-4031,,,,16,51638.8836493, 2103.52179426, 105865.02829041002
25-1082,,,,21,43310.5865744, 2345.48121616, 98695.87996367004
53-3022,,,,15,46201.6805942, 5983.24318297, 107544.68098455803
47-4051,,,,21,42851.1508613, 2458.80993651, 88781.37552778299
19-1012,,,,14,49483.4866264, 6929.89497213, 99856.74212041599
41-1012,,,,19,49859.9174251, 3572.35869732, 114198.22228296078
27-3012,,,,17,52953.5044327, 14978.7234203, 130860.54354908
47-2031,,,,16,45286.5992627, 2434.09480986, 79638.576496301
41-3021,,,,24,33440.5546144, 5943.5568114, 74660.52749007
17-3031,,,,14,48968.1289996, 8789.324934741, 82768.182004598
25-2012,,,,12,44046.4428171, 5155.24491362, 84093.930983948
51-4011,,,,21,43645.1568811, 1354.53549375, 106753.21913082
41-3099,,,,15,48729.5643974, 1541.43742194, 98506.933265252
15-1133,,,,15,39162.1068362, 5672.67214243, 114870.54932174998
51-2021,,,,19,54928.2356115, 3203.19773313, 137659.94521986105
43-9041,,,,20,48585.4335523, 2817.63402924, 131866.17288654
53-3021,,,,14,52372.0112973, 10583.195376310001, 86087.88508852401
51-4111,,,,19,37664.6175066, 3535.41603089, 90159.05198232099
35-3031,,,,14,38242.6812678, 2664.10108102, 91343.15349164
49-3042,,,,20,48209.4780227, 3245.58206346, 85362.7829006476
43-4051,,,,17,30534.2211919, 783.5117798013999, 72875.00973087401
31-9011,,,,14,49794.9029453, 16511.453465190003, 111287.441448183
19-2031,,,,16,52355.2097479, 3749.470386399, 98331.934780813
13-2053,,,,15,47465.3535733, 6487.58831883, 121547.67379980496
11-9121,,,,15,39661.3762911, 672.087191071, 102762.728741909
51-3022,,,,11,49670.7180817, 24396.641074910003, 117009.61976043798
17-2161,,,,22,46420.7430879, 5887.9213608, 95874.93557372801
27-1025,,,,19,40597.3836925, 5934.54702481, 68670.55658171
11-9061,,,,20,46121.5730254, 3310.32644404, 124412.77351119102
29-1051,,,,22,49573.2345659, 7280.9310282, 117822.37636884101
41-2031,,,,15,55597.6784087, 4272.48858091, 139626.61847632704
35-2012,,,,16,42409.9349825, 3089.6613601, 97257.03796618499
43-6012,,,,18,39249.1953146, 3943.55730112, 110505.47264394
13-2011,,,,17,42032.2412779, 3009.7895529, 78064.74232128
53-1031,,,,13,46160.4975085, 3653.38278927, 109422.25209193
51-6011,,,,16,39603.8644215, 13114.15997689, 87313.30976237
41-9041,,,,13,51201.0528064, 8534.19293307, 90148.92787058001
49-9052,,,,19,45553.364169, 3400.53632317, 121702.86642518001
27-1022,,,,19,40439.3260626, 2087.75238966, 96734.59790229001
11-9013,,,,20,46457.3842257, 3729.99346587, 90628.91532134541
25-9031,,,,16,54745.7850143, 5127.52284478, 117949.342749236
51-2022,,,,12,68153.8200787, 21545.515556121, 106168.23012416
25-2011,,,,24,39318.1034498, 220.384282058, 85266.83696227
25-9041,,,,17,41603.8310544, 8629.80074791, 107157.25649744601
29-1141,,,,24,51043.1872796, 6841.80306107, 99085.61546418001
41-2011,,,,20,44159.9883659, 5007.0602889, 98627.966149662
35-2021,,,,18,49426.8988813, 17169.564804974, 89620.625817497
27-4021,,,,18,60420.7096132, 22227.279151839997, 131673.61647453398
27-4012,,,,15,50092.3179452, 15179.67473305, 94041.67580770102
29-9091,,,,21,54435.861611, 14978.268399460001, 94402.059089856
29-2055,,,,11,52935.5681531, 16608.110583412, 89639.55195785197
31-9099,,,,18,39322.9530016, 1088.13534815, 79794.35250770001
25-1071,,,,16,48361.9101793, 986.04659152, 123999.49383415499
51-9022,,,,17,31709.0430559, 3384.313609844, 63539.011497226
43-9051,,,,20,52100.949652, 13025.343751600001, 108958.92287887001
29-9092,,,,27,55934.3850406, 10039.96475619, 115786.52238340999
27-1026,,,,16,45672.5617241, 15368.67484471, 98150.26773299
13-1131,,,,15,34948.0424025, 2083.18354666, 74634.381355431
39-6011,,,,23,39235.7105914, 5040.47005895, 95860.27772163796
13-1032,,,,13,53058.7747536, 8098.3122918, 113226.67898731
21-1094,,,,13,52526.1150895, 17643.81580507, 111248.637960681
11-9021,,,,15,44373.2132087, 1610.095561796, 118003.69537815198
49-2011,,,,16,42331.2073716, 3483.3361842573, 114671.757162391
51-7041,,,,12,59492.695459, 7897.73019994, 102714.62756656
25-1122,,,,15,46272.7254035, 7625.23295811, 105655.655128742
23-2093,,,,14,42205.2894008, 1862.1613135, 74518.76500202101
45-2041,,,,23,40497.0039075, 1928.66256476, 101084.12836068422
11-3071,,,,11,53575.3286951, 17723.744506896, 80655.16278996
29-1127,,,,20,41559.1980191, 3920.73329179, 85937.2679806489
43-4031,,,,19,44720.1222181, 847.447218552, 117626.00636225598
29-2035,,,,16,41741.2880489, 793.506760814, 77475.44371076001
43-9011,,,,21,49141.0796584, 15594.09593905, 146436.89080168432
27-3022,,,,16,36774.3805133, 3443.59990427, 84756.836590094
51-9122,,,,20,54841.2582156, 9263.567454338, 107922.51421528499
29-1021,,,,17,45775.3125711, 2686.6469914199997, 109678.75218994998
41-3011,,,,18,41360.5841973, 3493.4403918219996, 95364.48370093398
29-1041,,,,20,40126.93805, 6204.38956339, 130823.60919129902
51-9193,,,,26,56016.6126264, 10878.974048529999, 112834.64840752402
47-5071,,,,13,40254.6114081, 352.345903263, 108722.913599318
29-2081,,,,22,36945.830999, 5496.14169153, 71939.983042538
51-9012,,,,12,42386.9460424, 1596.36529276, 97264.87582202899
49-9012,,,,10,29206.4053684, 3826.70822124, 69557.60694329599
35-1012,,,,16,50887.0140749, 3703.695764, 127603.38554276002
25-2022,,,,14,52933.8911288, 6295.3466901580005, 108026.42198072
11-3021,,,,25,47135.446356, 3852.57742721, 97393.9833127292
51-7011,,,,14,38547.668965, 3623.41852635, 82842.43399111698
35-2015,,,,13,49004.8645125, 3351.091981621, 80805.21451483002
37-3013,,,,15,35819.2329789, 9302.58808202, 72017.382251708
51-4032,,,,15,49305.023983, 9163.22362357, 91171.31386856
31-9093,,,,12,48249.5413416, 1261.4766617, 94385.89487579
33-9092,,,,15,49375.654541, 6052.83557321, 89758.628319367
13-2061,,,,24,42273.8059839, 4859.27941182, 90755.29308250001
33-9011,,,,13,48010.202359, 377.578107346, 108049.365552733
19-4099,,,,14,49216.4302629, 8688.69094528, 94579.07105044201
17-3012,,,,18,38265.3146431, 2697.35666257, 126250.27946566799
47-2051,,,,14,53414.5238603, 8269.62164277, 94812.51464386999
15-1199,,,,13,37245.1458423, 5155.45306832, 102270.33171507
27-2041,,,,25,36984.2521214, 1239.10298269, 105909.188495073
43-3041,,,,23,43946.3778137, 5815.00449978, 108021.96771063001
53-7021,,,,16,46581.7414435, 3795.70817875, 90608.77483967501
13-1031,,,,22,45339.0572541, 9659.96715481, 95761.17774666
11-9131,,,,18,39047.6170416, 3473.90389416, 81942.01385535
27-2012,,,,14,45709.5072942, 9084.68645651, 79044.286477379
29-2057,,,,22,43236.534179, 4540.29342368, 93316.82191473
31-2022,,,,13,38205.1617964, 4965.189782576, 95510.672816619
31-9095,,,,12,43750.0586904, 5338.7965158, 116536.72538040699
53-3041,,,,14,41903.6013126, 6989.24737422, 88597.5155290164
43-5021,,,,16,36774.4471273, 1447.58839373, 103703.91395488702
51-6064,,,,20,43750.1260855, 18718.61841699, 112921.58492936709
51-9041,,,,13,37540.6742169, 3277.450879526, 95215.719492598
53-1011,,,,13,45663.3771343, 17252.192775609998, 89856.64425640901
43-4121,,,,13,59659.512821, 10753.78444625, 99825.56157676502
35-2011,,,,21,48323.2584476, 3033.14040788, 99270.25364523199
13-2099,,,,9,44187.6307848, 15965.392709871001, 71329.59365424
51-4031,,,,16,39508.4773593, 3263.66962505, 98250.6738303939
53-1021,,,,25,44395.4141055, 3807.90907391, 139275.60751259
47-2073,,,,18,51327.3014417, 2555.46254279, 106611.25029744001
29-2041,,,,12,54480.0308335, 18106.08921111, 116603.92012114
35-3011,,,,11,50721.9798516, 6367.889166200001, 98452.46149316599
21-1011,,,,17,44511.5021044, 2567.98360639, 100005.194299881
29-1029,,,,20,47645.2298255, 13265.8625921376, 112433.17011004002
39-6012,,,,14,40740.1687842, 7762.200982060001, 88391.68336955999
47-5031,,,,19,52060.58901, 4676.800331189999, 135901.172999483
41-9091,,,,11,32837.2130357, 1783.70449293, 68670.69251905
25-1052,,,,21,54549.2230806, 1086.85843387, 123253.05532872
21-1093,,,,24,47101.1123088, 2284.248189436, 96812.29853414999
51-4012,,,,18,39504.6950692, 1576.62243427, 94759.53963992001
43-4081,,,,17,41997.6910939, 2189.35455325, 103235.88789377999
31-9092,,,,22,57275.9329643, 5925.44023597, 123619.58040569803
13-1011,,,,18,46047.2400599, 974.676664689, 102636.224123163
49-9099,,,,18,41502.3604892, 4072.76753615, 134568.88987875
35-9099,,,,20,52256.3116172, 2561.6828352, 110480.97874921502
13-2041,,,,12,49773.8173066, 3502.4222842100003, 116733.602465506
41-4011,,,,21,42003.3663222, 114.199645858, 102512.09845218198
21-1013,,,,17,52200.2520823, 6959.67911958, 90326.085237947
49-9091,,,,13,49038.419706, 14900.657490450001, 152158.87171285998
39-3011,,,,13,42734.9349516, 11831.06260236, 87097.60460559998
25-1072,,,,13,51312.8423955, 1633.17410167, 110526.61776112701
43-4061,,,,19,49305.0080566, 3342.06730628, 104177.30725443
41-9031,,,,21,44065.4501419, 4795.49774115, 95373.37350287099
13-1151,,,,14,57494.7933018, 808.653984868, 108374.79882457998
53-7081,,,,10,48973.6181184, 2569.56460486, 88721.71821659
53-3033,,,,22,45292.9582584, 606.923208608, 80490.47406082599
51-9061,,,,20,47610.673117, 5317.36921203, 106671.4599095194
41-9021,,,,23,51580.0387398, 8672.74445817, 113316.543272578
21-1099,,,,15,36704.2648912, 4299.37950115, 78293.618766382
45-2093,,,,18,52200.0922152, 4517.45376511, 85201.775210694
51-4035,,,,19,54620.6369901, 7324.12440498, 111227.93687134999
25-1067,,,,16,37439.3789866, 2267.87519998, 93148.421522892
11-9039,,,,13,62011.0132749, 19995.670558579, 118232.36833630298
39-3092,,,,21,49658.6299495, 6982.69273517, 110947.84507963998
15-2011,,,,16,44346.7231944, 5104.97506872, 79208.38274430599
43-5081,,,,21,45614.2024483, 9093.95258884, 98116.94479400999
29-1125,,,,19,45161.9825905, 460.357067973, 133288.72966854996
19-4011,,,,18,41190.892688, 11729.78588996, 95691.622954087
51-9196,,,,17,41240.4699278, 9575.10130854, 78715.32634434002
29-1161,,,,13,46796.3215811, 11157.041931431, 118010.04833006
25-1111,,,,21,36058.0693796, 14276.136936640001, 72050.35547473
53-7199,,,,10,34657.0417172, 1949.37032416, 99291.26198396001
29-1126,,,,15,47407.0208709, 7310.19150714, 102315.727610322
11-2011,,,,17,46053.15094, 919.136383265, 94981.441480365
51-1011,,,,18,59580.9405917, 9465.140769823, 109031.54407890701
33-3021,,,,11,42668.3374946, 5104.8720519357, 82090.341429431
15-1141,,,,11,48014.9983156, 8883.23418229, 111011.33222655299
49-2094,,,,18,51564.4721431, 6619.43013504, 93210.14771018
11-1011,,,,23,54996.9924183, 2296.00107758, 126917.27498499
11-3061,,,,17,44629.9776363, 2368.18469674, 123242.39496383001
29-2052,,,,11,50387.4859102, 1501.18514118, 88364.73934965
25-2031,,,,20,32643.464818, 1721.2576263, 82147.01141015001
43-4071,,,,15,39718.0078763, 2498.71303138, 77320.53264704501
25-9011,,,,15,39304.4788269, 1031.76724665, 90274.52059682
17-2031,,,,15,52143.04522, 2578.07763909, 103510.49997220002
43-4111,,,,13,40543.135101, 1723.75214337, 124290.08645172999
29-1069,,,,17,50375.8128602, 6668.0654123799995, 95894.255902804
17-3027,,,,20,38485.3798775, 3706.41615999, 102898.44439939002
17-1012,,,,15,38667.974076, 1504.72058932, 81578.00498615
17-2011,,,,20,41247.1353044, 667.906166688, 118103.887846061
53-3031,,,,21,47707.3827508, 1265.5668621, 93416.44146107702
47-5081,,,,20,51456.1216266, 4441.58753063, 115549.23180674
47-2152,,,,16,45034.8589893, 6087.339861389, 103422.77566614
29-1124,,,,16,37059.6430308, 3342.55207606, 114889.10555216501
43-3051,,,,20,51701.361291, 19205.3434395378, 114894.99702547897
47-5012,,,,18,53592.3442473, 1555.36636964, 112456.36462556
37-2021,,,,17,39070.5603813, 3283.71786421, 101938.90776601399
13-2021,,,,12,44508.8019147, 1559.309359741, 106375.44910453002
53-7063,,,,20,43782.831642, 2248.15267464, 83768.77248248
33-9021,,,,17,28384.5356309, 948.025841021, 67605.251330018
43-3031,,,,14,45712.5835441, 4063.29644386, 124084.75831994
25-1011,,,,13,44910.905841, 9864.89252492, 105393.220458709
51-9051,,,,12,50284.2706894, 9295.61014545, 110608.298614274
19-4091,,,,15,46017.8419351, 3292.41979354, 96955.82946528398
43-3011,,,,17,61653.7266364, 13186.227682069999, 99711.1990369153
51-8031,,,,18,55585.9981818, 13381.017162926, 108134.85360001001
51-3092,,,,17,43472.4348263, 5593.07115167, 101571.11147253797
43-6014,,,,20,48253.5358233, 149.789175982, 136960.560460048
53-7061,,,,20,41699.3860082, 3051.05313367, 110208.236704837
43-4011,,,,22,44297.8524795, 2868.681358056, 98421.59706908002
25-4031,,,,17,42806.4179347, 9293.759145290001, 98644.43611686498
51-6093,,,,19,54239.0366616, 5598.000621047, 109660.28040894002
37-1011,,,,8,39746.8188382, 10180.333516013001, 103839.14886813
29-1022,,,,17,40634.0417128, 8001.5643241299995, 99133.471103549
51-9111,,,,21,39019.9593617, 4165.90125681, 106370.3343094117
43-4131,,,,18,43440.7854581, 2613.552826426, 105708.21916637899
27-3031,,,,18,45999.7708641, 13518.73320254, 88584.68531534
47-1011,,,,24,35829.9195111, 5397.47893211, 88251.33043075999
11-9041,,,,19,48286.6165286, 3867.87644372, 124790.250541287
25-1021,,,,11,59891.3920703, 8923.90479519, 140599.15098843502
17-2081,,,,9,40528.7901258, 12700.413089329999, 73802.466885302
13-1075,,,,18,32948.2954379, 3436.38124861, 84646.8969517
43-9022,,,,19,43310.2941127, 5092.92395081, 89732.087531937
39-9021,,,,16,38778.5566391, 7408.01343731, 96308.62824648099
13-2081,,,,18,39870.0399244, 12283.357866620001, 68027.082305885
53-7062,,,,17,50828.8236685, 7808.28920048, 91633.77393291601
17-3013,,,,12,41569.1715069, 10953.745079330001, 99999.634349174
41-3031,,,,9,43323.6782897, 8913.052285310001, 78794.40953824701
51-4023,,,,10,38178.3964354, 4985.60142569, 89942.75372337
51-6063,,,,21,54363.5672546, 14812.083227546998, 100500.73321351
13-1051,,,,16,43403.0450197, 4673.59371651, 81054.32173381001
53-5021,,,,20,34468.4392948, 134.061006667, 85041.54152014
49-2098,,,,16,47699.8585839, 8757.58757193, 102237.43915469
51-9082,,,,20,55835.4626381, 4093.96771254, 121651.49190947
43-1011,,,,18,50824.3431877, 5430.74194015, 129804.72928707999
15-1134,,,,15,48161.4597473, 7330.307180469999, 128153.426571589
21-1014,,,,21,52544.3693621, 7021.990088121001, 111668.71568757
25-1121,,,,17,34525.5423847, 6260.17071379, 96284.96755365
39-9041,,,,16,36593.572017, 5228.22870772, 73603.66254242
11-2021,,,,20,47401.7481863, 4443.65136268, 114245.04060944299
13-1023,,,,18,44477.3020863, 7556.40645095, 122172.65968633449
45-2092,,,,18,37141.7756203, 4081.60727514, 85577.39807044
49-2022,,,,20,42017.1088261, 4773.286067417001, 98913.43327073
51-6031,,,,14,42362.6318693, 289.358688899, 71989.05527651598
47-2021,,,,20,42540.0545905, 2899.75263776, 79782.60055194
11-1021,,,,21,46337.0865345, 872.291932145, 107644.06059042
47-2141,,,,11,50993.271995, 14813.21369799, 89867.04116551689
51-3091,,,,18,50490.1725054, 9061.835559135001, 96857.83472771
31-1011,,,,15,39525.1940464, 1336.19909551, 87407.38263276998
25-1123,,,,26,42677.6642446, 8108.168682083, 90500.325097306
51-5111,,,,17,54779.502587, 9471.93232068, 88041.57629125
53-2011,,,,13,55118.2249308, 1956.42139128, 90264.54240583
27-3041,,,,16,49899.2741071, 8323.32076625, 89933.72405898901
11-3131,,,,14,39956.8140269, 6225.78618691, 95513.43752208499
49-3053,,,,15,50380.275729, 16679.313967156002, 117907.10348943001
39-5094,,,,12,57847.8955485, 10123.586785409001, 111972.32360381202
11-2031,,,,14,43746.1907609, 12678.10822926, 87728.98656004
29-2031,,,,20,50482.245481, 7718.74290128, 96501.904062326
33-2011,,,,19,44022.5665765, 12115.56521206, 122345.62467492
11-9051,,,,22,48926.6949983, 3538.64364961, 114831.85861062
17-3023,,,,13,41700.1650711, 3504.17948542, 103252.75824557
15-2041,,,,17,52141.8567155, 1769.5768754, 92171.64321543499
51-4034,,,,13,53198.1585894, 4461.46816008, 130062.042627019
27-3043,,,,25,42858.2561821, 1019.30339721, 106453.76279470498
29-1062,,,,17,43254.7049924, 3840.097330686, 94461.04219585999
33-9099,,,,16,36784.6479306, 8315.719061650001, 73879.71143689
17-2112,,,,22,50616.1812996, 9744.61995468, 106649.93632810599
19-1042,,,,21,52423.3665054, 9332.24677563, 121284.565314169
47-2061,,,,20,51982.7656406, 13869.262755378, 100487.72612417897
17-2072,,,,22,48024.4129438, 3830.35100904, 131239.637798271
11-9141,,,,18,43215.5000769, 612.190275844, 90642.043044102
53-7032,,,,16,45587.3812069, 10309.2943509, 91168.95393376802
53-3032,,,,27,45161.2919994, 1448.46246583, 109085.337635562
29-2034,,,,15,40062.6186907, 1893.35892418, 90764.610435694
49-2091,,,,14,55151.4533737, 9136.66376354, 115892.71949820999
29-2011,,,,16,44218.0742361, 1919.84915023, 109046.058618351
43-5031,,,,14,45942.7553593, 4551.79651156, 122699.00815968802
29-1066,,,,16,35315.5805645, 3159.83918851, 93125.32065146702
25-4012,,,,17,50649.779969, 3536.16682541, 99459.83797373
27-3091,,,,14,40182.4441515, 4308.008762641, 71326.09364528999
27-1024,,,,16,34779.7031686, 3788.00257106, 94999.91084699299
19-3051,,,,17,45705.0877383, 2183.14233613, 84451.754671008
21-2021,,,,12,46551.4276568, 9113.513717140002, 99948.51978609299
51-4081,,,,10,27402.4626283, 7052.55471993, 50216.081155251
39-3012,,,,19,46855.1205631, 1130.65027029, 78569.13761247101
17-3022,,,,17,42266.4329368, 2055.96574104, 97424.61691896
11-9161,,,,16,40063.6620373, 2302.62423796, 138233.47965933
51-8091,,,,10,54683.6308095, 2518.42805199, 92089.32879910499
49-3031,,,,20,51760.4184023, 2452.98064119, 92943.824642658
49-9043,,,,11,39383.2014191, 7139.33434438, 64115.455732220005
47-5011,,,,24,47204.5019117, 8799.43828973, 112716.638628587
29-1151,,,,15,42865.386172, 5957.93524328, 105789.34452054299
51-4071,,,,14,59900.8356904, 20541.27792893, 102190.63027288998
39-9032,,,,17,38594.595292, 1595.07139142, 79341.66544363402
31-9091,,,,17,38425.7215432, 9865.729369370001, 78396.508628306
19-4031,,,,19,42940.4682428, 2269.50673035, 115473.47344589002
47-3012,,,,27,49149.7152102, 13729.116518198001, 123801.29639578002
41-9011,,,,20,50059.6189686, 2666.94918601, 102253.49974955
17-3029,,,,8,47414.2428061, 7011.00347135, 70475.637123437
27-4014,,,,22,56871.4887405, 5340.79784168, 102242.35338502598
53-4011,,,,16,40040.45094, 3054.23910557, 71531.31881162
49-3021,,,,16,53944.7669417, 13779.17184405, 99393.578676741
43-5071,,,,12,29344.7452828, 2695.01059189, 68019.28899618
51-6092,,,,24,47756.2917571, 11319.15935161, 104360.190025894
47-2221,,,,19,35763.1126727, 2256.82296175, 72857.82321657302
29-2054,,,,9,52586.1034524, 15397.090018930001, 70330.669491436
29-2099,,,,21,56959.2693129, 13414.23090066, 120686.97101360622
29-1181,,,,26,40280.1763828, 1136.52659697, 82492.09890925
17-2051,,,,11,50802.1406429, 13876.266534583001, 109612.898096917
13-1081,,,,26,45049.2972087, 2712.2218139, 114152.0342606113
51-4194,,,,20,48369.5175381, 525.471625968, 104900.54153105001
43-9071,,,,20,40025.5869744, 1402.07944039, 91733.05242657999
19-2042,,,,11,43692.8509493, 14049.13911562, 76776.84502896
53-3099,,,,20,44078.6564811, 6361.02250741, 94175.73432619801
27-4032,,,,19,38864.6963046, 1953.92428766, 111248.24955237999
41-4012,,,,19,40855.8506462, 7179.364979010999, 95546.501104215
19-4051,,,,20,43136.01756, 5501.35767368, 121280.222452719
27-1013,,,,15,43277.9953631, 3188.3730651640003, 115441.44280753999
13-1199,,,,16,56361.3713767, 17733.88726004, 104987.76194053401
51-2092,,,,19,44403.383685, 2594.80468512, 105450.69199464301
41-1011,,,,20,47981.611559, 10271.848757174, 103695.76074761
39-1021,,,,19,42141.2741279, 4148.057289576, 106127.64518220552
51-5112,,,,15,49040.8160238, 13394.378333190001, 99354.53445265001
51-4041,,,,22,39978.1154244, 3918.43952413, 98192.48536931699
25-1042,,,,13,53821.3746355, 13474.9255084, 117974.30320137196
25-4011,,,,13,48959.3636579, 12013.25941074, 117235.17400950797
25-2054,,,,16,51076.6403346, 5151.59735232, 107197.41710259001
15-1152,,,,14,31219.701914, 6727.70058242, 87109.41494182419
11-2022,,,,21,52781.511336, 6287.68058405, 104374.96595271901
17-1022,,,,16,47702.442503, 4628.30717902, 121676.528693527
39-1011,,,,15,52186.7233653, 1686.29764258, 134748.35086940398
27-3021,,,,21,47653.1786057, 4845.03051221, 108350.13862093202
29-1071,,,,20,40226.3367632, 7700.19759848, 87493.18847677001
23-1011,,,,15,51771.1214767, 6478.72585952, 96433.45860434
43-4199,,,,17,41931.2340945, 351.841854456, 80855.047953643
53-2031,,,,21,50460.1208275, 5413.61521337, 137558.40197122202
41-2012,,,,23,43317.2842304, 11597.54239725, 93712.83590912
51-6052,,,,10,50363.3442996, 12263.859963359999, 79622.415007636
43-3071,,,,11,42686.6814342, 13312.066462794, 81080.47891821522
33-1021,,,,19,37724.5059843, 558.947943223, 79485.105020145
47-3015,,,,24,49173.9432767, 1506.14899369, 99908.210472739
19-4092,,,,13,42703.0759839, 2834.71346741, 83657.45057449298
39-9011,,,,15,38613.1449589, 7253.545944580001, 95413.25952694
15-1151,,,,11,48156.1164907, 8070.25723597, 86851.71043116899
51-9023,,,,29,48445.0466159, 2870.6005020686002, 99739.424521237
11-9033,,,,17,36912.9322346, 2430.88179511, 96096.89269286713
49-9051,,,,14,55417.0902186, 21158.780048886, 108678.26159959998
21-1022,,,,18,36881.2219692, 320.305302558, 79600.87963693
29-1061,,,,22,54265.3266814, 17814.007698556998, 97544.1169189464
13-1111,,,,15,41011.8084813, 4940.69451357, 79463.940379869
11-9031,,,,21,48683.0236906, 7199.369892626, 100251.103553125
51-4022,,,,15,47878.2426471, 9888.26406882, 109289.28157601699
